{
  "advancedEditorSelectedIdentifier" : "ProjectBrowser",
  "openSceneRelativePaths" : [
    "SnowGlobe.usda"
  ],
  "recentIdentifiers" : {
    "AF09ED6F-1707-48FD-8720-65B998362C09" : [

    ]
  },
  "sceneCameraHistory" : {
    "55755120-4AF4-42E7-A04C-B90BE43A87DA" : [
      {
        "date" : 761559905.761607,
        "title" : "Untitled",
        "transform" : [
          1,
          0,
          0,
          0,
          0,
          0.7071069,
          -0.70710677,
          0,
          0,
          0.70710677,
          0.7071069,
          0,
          0.03267932,
          0.22647166,
          0.14335528,
          1
        ]
      }
    ],
    "AF09ED6F-1707-48FD-8720-65B998362C09" : [
      {
        "date" : 761551343.091836,
        "title" : "Untitled",
        "transform" : [
          0.99990684,
          -8.441013e-10,
          -0.013656194,
          0,
          -0.0096563855,
          0.7071068,
          -0.7070409,
          0,
          0.009656389,
          0.70710677,
          0.70704097,
          0,
          0.004748911,
          0.56995964,
          0.5733366,
          1
        ]
      },
      {
        "date" : 761551332.955334,
        "title" : "Untitled",
        "transform" : [
          0.999766,
          -8.441013e-10,
          -0.021635277,
          0,
          -0.015298449,
          0.7071068,
          -0.7069413,
          0,
          0.015298453,
          0.70710677,
          0.70694137,
          0,
          0.01560194,
          0.9537051,
          0.9592618,
          1
        ]
      },
      {
        "date" : 761040591.770913,
        "title" : "Untitled",
        "transform" : [
          0.999766,
          -8.441013e-10,
          -0.021635277,
          0,
          -0.015298449,
          0.7071068,
          -0.7069413,
          0,
          0.015298453,
          0.70710677,
          0.70694137,
          0,
          0.0016280413,
          0.09951782,
          0.100097656,
          1
        ]
      },
      {
        "date" : 761040511.023591,
        "title" : "Untitled",
        "transform" : [
          0.99976593,
          0,
          -0.021635275,
          0,
          -0.0152984485,
          0.7071069,
          -0.70694125,
          0,
          0.015298452,
          0.7071067,
          0.7069414,
          0,
          1.2242708,
          56.591118,
          56.573555,
          1
        ]
      },
      {
        "date" : 761040475.497362,
        "title" : "Untitled",
        "transform" : [
          1,
          0,
          -0,
          0,
          -0,
          0.7071069,
          -0.7071067,
          0,
          0,
          0.7071067,
          0.7071069,
          0,
          0,
          0.099823,
          0.09981537,
          1
        ]
      },
      {
        "date" : 761040467.450048,
        "title" : "Untitled",
        "transform" : [
          1,
          0,
          -0,
          0,
          -0,
          0.7071069,
          -0.7071067,
          0,
          0,
          0.7071067,
          0.7071069,
          0,
          0,
          5.8242855,
          5.8242784,
          1
        ]
      },
      {
        "date" : 761040226.234642,
        "title" : "Untitled",
        "transform" : [
          1,
          0,
          0,
          0,
          0,
          0.7071069,
          -0.70710677,
          0,
          0,
          0.70710677,
          0.7071069,
          0,
          0,
          127.3355,
          127.3355,
          1
        ]
      },
      {
        "date" : 761040095.650112,
        "title" : "Untitled",
        "transform" : [
          1,
          0,
          0,
          0,
          0,
          0.7071069,
          -0.70710677,
          0,
          0,
          0.70710677,
          0.7071069,
          0,
          0,
          2.952339,
          2.9523392,
          1
        ]
      }
    ],
    "D66134B1-3681-4A8E-AFE5-29F257229F3B" : [
      {
        "date" : 761551871.19146,
        "title" : "Untitled",
        "transform" : [
          0.9999961,
          0,
          0.0027923544,
          0,
          0.0019744928,
          0.7071069,
          -0.707104,
          0,
          -0.001974493,
          0.70710677,
          0.70710415,
          0,
          0.014312936,
          1.0882528,
          0.99474126,
          1
        ]
      },
      {
        "date" : 761551864.46036,
        "title" : "Untitled",
        "transform" : [
          0.9999961,
          0,
          0.0027923544,
          0,
          0.0019744928,
          0.7071069,
          -0.707104,
          0,
          -0.001974493,
          0.70710677,
          0.70710415,
          0,
          0.016560532,
          0.28334463,
          0.18983601,
          1
        ]
      }
    ]
  },
  "sceneViewportBackgroundColors" : {

  },
  "selectedSceneRelativePath" : "SnowGlobe.usda"
}